001069 000024 1
001069 000018 1
000734 000655 1
000721 000665 1
000729 000662 1
000721 000667 1
000726 000661 1
000736 000662 1
000734 000668 1
000705 000650 1
000734 000649 1
000703 000646 1
000709 000653 1
000734 000665 1
000730 000677 1
000735 000672 1
000740 000678 1
000707 000649 1
001070 000018 1
000732 000652 1
001071 000029 1
001058 000002 1
000697 000644 1
000714 000647 1
000740 000687 1
001068 000003 1
000730 000663 1
001065 000021 1
001059 000015 1
000737 000657 1
001064 000024 1
001074 000018 1
000715 000642 1
001067 000028 1
000711 000659 1
000736 000681 1
000733 000657 1
000726 000658 1
000743 000686 1
000745 000680 1
001064 000007 1
001059 000010 1
001068 000018 1
000725 000651 1
001058 000006 1
000711 000648 1
000732 000655 1
000715 000644 1
000724 000658 1
000699 000643 1
000729 000670 1
001073 000029 1
000720 000643 1
001068 000012 1
001064 000017 1
000735 000682 1
000740 000656 1
000739 000684 1
000713 000644 1
001068 000020 1
001064 000020 1
000727 000657 1
000736 000672 1
001070 000017 1
001056 000001 1
001065 000007 1
000714 000649 1
001078 000031 1
001078 000025 1
001066 000007 1
000727 000645 1
000725 000652 1
000720 000649 1
000727 000648 1
000710 000652 1
001070 000014 1
000743 000675 1
000713 000643 1
000734 000656 1
001067 000000 1
001070 000012 1
000744 000662 1
000717 000649 1
000728 000668 1
001058 000011 1
000738 000665 1
000731 000672 1
000705 000651 1
000713 000647 1
000724 000662 1
001070 000030 1
001069 000028 1
000745 000667 1
001067 000009 1
000738 000672 1
000731 000655 1
000727 000653 1
001079 000027 1
000719 000659 1
001064 000012 1
000731 000658 1
000726 000664 1
000710 000643 1
000726 000674 1
001078 000027 1
000723 000652 1
000733 000681 1
000709 000648 1
000704 000650 1
000740 000676 1
000740 000662 1
000731 000669 1
000730 000662 1
000745 000666 1
000728 000647 1
000731 000645 1
000719 000650 1
001060 000005 1
000724 000650 1
001070 000025 1
000704 000653 1
000733 000662 1
000735 000646 1
000698 000647 1
000712 000661 1
000745 000672 1
000740 000660 1
000725 000658 1
000723 000667 1
000741 000667 1
000735 000670 1
001078 000024 1
000727 000654 1
000738 000658 1
000712 000643 1
000745 000669 1
000700 000642 1
000720 000646 1
000738 000660 1
000717 000659 1
000698 000643 1
000703 000643 1
000728 000676 1
000728 000656 1
000709 000647 1
001058 000010 1
000737 000668 1
001070 000024 1
000727 000650 1
000722 000654 1
000744 000677 1
001060 000001 1
001076 000020 1
000726 000667 1
000742 000659 1
001065 000018 1
000741 000678 1
000719 000643 1
001059 000016 1
000736 000673 1
000727 000644 1
000702 000642 1
000718 000661 1
000706 000645 1
000735 000661 1
000696 000644 1
000724 000659 1
001065 000017 1
000726 000646 1
001061 000020 1
000733 000670 1
000738 000661 1
000744 000686 1
000730 000651 1
001056 000009 1
001074 000029 1
001061 000019 1
000732 000650 1
000706 000651 1
000741 000653 1
000717 000646 1
000731 000650 1
000727 000665 1
000729 000671 1
000714 000655 1
000696 000642 1
000730 000655 1
000725 000673 1
001063 000003 1
001072 000020 1
000708 000657 1
000745 000678 1
000705 000648 1
000715 000643 1
001069 000005 1
000719 000662 1
000736 000679 1
000730 000649 1
001073 000028 1
000736 000650 1
001070 000008 1
000721 000657 1
000722 000663 1
000726 000666 1
000723 000664 1
000733 000650 1
000726 000655 1
001065 000006 1
000727 000668 1
000729 000654 1
000745 000690 1
000715 000657 1
000704 000642 1
000720 000655 1
000733 000680 1
000740 000673 1
000741 000689 1
000740 000663 1
000723 000643 1
000735 000662 1
000743 000681 1
001062 000017 1
001058 000013 1
000726 000675 1
000716 000644 1
000702 000644 1
001065 000011 1
001066 000011 1
001054 000004 1
000722 000669 1
000730 000673 1
001065 000013 1
000727 000675 1
000745 000675 1
001073 000019 1
000722 000642 1
001068 000023 1
000741 000682 1
000737 000647 1
001054 000000 1
000710 000650 1
000730 000646 1
001070 000023 1
000715 000656 1
001068 000028 1
000716 000652 1
001069 000027 1
000713 000662 1
000737 000667 1
000728 000654 1
000731 000643 1
000736 000651 1
000737 000683 1
000725 000644 1
000701 000645 1
000731 000676 1
000737 000654 1
000722 000645 1
000741 000679 1
001073 000023 1
000715 000654 1
000721 000647 1
000735 000658 1
000745 000662 1
000729 000649 1
000720 000665 1
001062 000003 1
000724 000649 1
001067 000003 1
000738 000652 1
000745 000682 1
000731 000680 1
000718 000657 1
000727 000643 1
000735 000667 1
000701 000644 1
001069 000021 1
000744 000693 1
000735 000678 1
001055 000000 1
000716 000660 1
000717 000664 1
001069 000010 1
000720 000667 1
000715 000662 1
000712 000647 1
000726 000663 1
000727 000676 1
000734 000645 1
000721 000648 1
001060 000004 1
000730 000652 1
001056 000005 1
000733 000647 1
001058 000012 1
000725 000657 1
001066 000025 1
000701 000647 1
000728 000674 1
001072 000019 1
000728 000677 1
000731 000649 1
001064 000000 1
001066 000014 1
001061 000006 1
000736 000675 1
000733 000644 1
000728 000663 1
000707 000644 1
001077 000023 1
000741 000668 1
001072 000021 1
000711 000655 1
001065 000005 1
001066 000012 1
000711 000645 1
000721 000658 1
000738 000676 1
000745 000664 1
000700 000648 1
000721 000654 1
001060 000012 1
000742 000677 1
000719 000644 1
000728 000650 1
000718 000664 1
001055 000005 1
000737 000655 1
000734 000652 1
001073 000031 1
001059 000004 1
000727 000652 1
000743 000676 1
000726 000665 1
000717 000657 1
000734 000679 1
000730 000645 1
001070 000011 1
000717 000648 1
000743 000687 1
000708 000651 1
000743 000659 1
000723 000642 1
000742 000663 1
001062 000010 1
000713 000649 1
001074 000021 1
001071 000018 1
000720 000658 1
001066 000023 1
000741 000656 1
000699 000647 1
001075 000019 1
000693 000642 1
001060 000007 1
001060 000003 1
000744 000661 1
001052 000001 1
000739 000686 1
000732 000668 1
000718 000650 1
000742 000660 1
000735 000655 1
001062 000021 1
000735 000668 1
000745 000686 1
000734 000669 1
000742 000664 1
000728 000661 1
000736 000646 1
000735 000659 1
001065 000024 1
000726 000643 1
000737 000669 1
001077 000025 1
000735 000654 1
000736 000659 1
001066 000019 1
000722 000660 1
000714 000648 1
000729 000644 1
001072 000014 1
000727 000673 1
001063 000021 1
001062 000011 1
001072 000017 1
000732 000680 1
000712 000656 1
000732 000649 1
000719 000645 1
001057 000007 1
001053 000003 1
000739 000673 1
000720 000656 1
000722 000655 1
001077 000021 1
000718 000646 1
000712 000644 1
000721 000650 1
000740 000683 1
001065 000022 1
000701 000648 1
000709 000651 1
000706 000642 1
000730 000678 1
001062 000013 1
000735 000649 1
000725 000664 1
000718 000656 1
000706 000641 1
000725 000666 1
000724 000656 1
000741 000655 1
000711 000649 1
000742 000662 1
000719 000668 1
000745 000687 1
000717 000650 1
000707 000652 1
000733 000656 1
000711 000650 1
000738 000662 1
000712 000659 1
000702 000646 1
000716 000658 1
001069 000023 1
001055 000003 1
000717 000651 1
001064 000006 1
000697 000641 1
001067 000026 1
001068 000011 1
000742 000670 1
000728 000648 1
001077 000024 1
000722 000670 1
000711 000660 1
000695 000644 1
000709 000643 1
000728 000664 1
000725 000648 1
000745 000676 1
000742 000689 1
000726 000669 1
001068 000019 1
000728 000660 1
000732 000671 1
000714 000660 1
000721 000662 1
001073 000018 1
001056 000008 1
000722 000659 1
000713 000661 1
000732 000644 1
001057 000013 1
000721 000641 1
000743 000658 1
001055 000007 1
000706 000646 1
000742 000668 1
001056 000003 1
000738 000669 1
001063 000022 1
000736 000667 1
001058 000014 1
000734 000664 1
000741 000665 1
000728 000673 1
000713 000645 1
000704 000644 1
001075 000031 1
000738 000659 1
000743 000682 1
000725 000661 1
000724 000664 1
001056 000000 1
000729 000652 1
000740 000675 1
000735 000647 1
000736 000670 1
000719 000642 1
000710 000659 1
001074 000022 1
000711 000652 1
001063 000012 1
001071 000028 1
000731 000670 1
000712 000650 1
000723 000668 1
000730 000674 1
000711 000651 1
001079 000026 1
000742 000674 1
001061 000003 1
000736 000653 1
000742 000682 1
000727 000647 1
000735 000681 1
000729 000678 1
000744 000680 1
000737 000665 1
000703 000648 1
000732 000647 1
000732 000675 1
000726 000662 1
000701 000646 1
000723 000669 1
000740 000661 1
000714 000644 1
000725 000659 1
000719 000653 1
000727 000656 1
000724 000647 1
000738 000674 1
000696 000641 1
000724 000663 1
000720 000660 1
000720 000664 1
000711 000647 1
000704 000645 1
000732 000667 1
000722 000668 1
001067 000012 1
000732 000643 1
000730 000658 1
000700 000644 1
000744 000659 1
000744 000685 1
000721 000659 1
000740 000688 1
000732 000659 1
000724 000648 1
000742 000669 1
000744 000670 1
000737 000664 1
000727 000658 1
001070 000022 1
000719 000663 1
001077 000030 1
000738 000657 1
001079 000029 1
000734 000680 1
000734 000662 1
000743 000677 1
000741 000671 1
001052 000000 1
000708 000652 1
000739 000662 1
000740 000668 1
001071 000030 1
000718 000644 1
000732 000669 1
000708 000646 1
000739 000668 1
000741 000652 1
001067 000021 1
000738 000651 1
000712 000660 1
001063 000002 1
000718 000663 1
000725 000672 1
000717 000660 1
000732 000654 1
000734 000651 1
001078 000023 1
000695 000642 1
000704 000648 1
001070 000016 1
001076 000028 1
000731 000678 1
001070 000029 1
001054 000003 1
000707 000643 1
000736 000649 1
000733 000672 1
000737 000660 1
001060 000006 1
000738 000682 1
000714 000654 1
001060 000018 1
000724 000642 1
001076 000031 1
000738 000677 1
001057 000011 1
000720 000653 1
000731 000656 1
001066 000005 1
000725 000655 1
000737 000662 1
000718 000659 1
000743 000670 1
000721 000644 1
000716 000650 1
000710 000646 1
000735 000671 1
000734 000667 1
000730 000644 1
001065 000001 1
000701 000650 1
000722 000653 1
000738 000685 1
001067 000011 1
000717 000644 1
001058 000007 1
000723 000641 1
000728 000642 1
001066 000006 1
001069 000020 1
000711 000641 1
000722 000641 1
001071 000027 1
000715 000664 1
000726 000671 1
000732 000678 1
000704 000649 1
001078 000029 1
000713 000651 1
000734 000681 1
001062 000004 1
001071 000022 1
001067 000014 1
000709 000657 1
000717 000652 1
001066 000026 1
001066 000009 1
001065 000012 1
000730 000666 1
000717 000645 1
000743 000674 1
000734 000654 1
000717 000642 1
000704 000647 1
000697 000645 1
000741 000675 1
001064 000002 1
000708 000650 1
000742 000687 1
000716 000651 1
000711 000646 1
000700 000646 1
000709 000654 1
000725 000643 1
000736 000658 1
000732 000679 1
000737 000681 1
001073 000017 1
000717 000658 1
000741 000666 1
000741 000662 1
000743 000691 1
000717 000661 1
000706 000647 1
001063 000001 1
000744 000678 1
000739 000688 1
000736 000676 1
000703 000650 1
000726 000652 1
001069 000009 1
001063 000023 1
000743 000679 1
000715 000651 1
000744 000660 1
001063 000009 1
001078 000028 1
000735 000679 1
000707 000645 1
000733 000653 1
001069 000022 1
000718 000647 1
000729 000676 1
000739 000671 1
000715 000655 1
000694 000642 1
001074 000026 1
000721 000649 1
000727 000659 1
001057 000004 1
000726 000647 1
001072 000022 1
001066 000002 1
000740 000651 1
001059 000014 1
000712 000641 1
000744 000679 1
000740 000669 1
000715 000660 1
000738 000649 1
000699 000648 1
000739 000687 1
000730 000657 1
000734 000676 1
001066 000027 1
000745 000688 1
000724 000667 1
000727 000664 1
001067 000007 1
000742 000665 1
000744 000672 1
001068 000027 1
000730 000669 1
000710 000641 1
000715 000648 1
000734 000678 1
000738 000681 1
000714 000652 1
001063 000005 1
000729 000648 1
000725 000654 1
000725 000671 1
000712 000658 1
001074 000025 1
000722 000667 1
000742 000676 1
000738 000687 1
000723 000657 1
000742 000672 1
000700 000641 1
000725 000646 1
001073 000024 1
000739 000655 1
000713 000656 1
000730 000653 1
001059 000002 1
000745 000674 1
001064 000013 1
000728 000644 1
000738 000653 1
001062 000001 1
000723 000656 1
000715 000650 1
001059 000011 1
001059 000000 1
001068 000005 1
000740 000689 1
000705 000645 1
000723 000649 1
000739 000667 1
000712 000645 1
000716 000657 1
000736 000657 1
000724 000660 1
000722 000658 1
000728 000645 1
001065 000015 1
001067 000027 1
000730 000647 1
000736 000680 1
000723 000658 1
000741 000660 1
000739 000676 1
000737 000649 1
000720 000645 1
001067 000022 1
000738 000675 1
001062 000005 1
001072 000025 1
000745 000683 1
000720 000657 1
000714 000657 1
000729 000660 1
001053 000002 1
000736 000666 1
000711 000643 1
001060 000011 1
000743 000684 1
000725 000656 1
000745 000677 1
000740 000659 1
000697 000643 1
001065 000002 1
000727 000674 1
000738 000678 1
000704 000643 1
000710 000645 1
000718 000642 1
000741 000670 1
000732 000656 1
001056 000010 1
001075 000018 1
000714 000646 1
000718 000643 1
001057 000005 1
000722 000661 1
000734 000646 1
001056 000011 1
001069 000011 1
000710 000649 1
000724 000644 1
001065 000016 1
000733 000669 1
000716 000646 1
001076 000030 1
000696 000645 1
001059 000008 1
000707 000651 1
000722 000657 1
000713 000658 1
000715 000659 1
000714 000662 1
000732 000677 1
000698 000645 1
000734 000677 1
000708 000642 1
000739 000657 1
001066 000015 1
000733 000661 1
000706 000650 1
001069 000029 1
000740 000685 1
000712 000654 1
000732 000645 1
000743 000655 1
000731 000661 1
001075 000020 1
001058 000004 1
001074 000031 1
000744 000666 1
000741 000659 1
000718 000653 1
000724 000665 1
000723 000670 1
000741 000657 1
001078 000026 1
000740 000680 1
000717 000665 1
000723 000662 1
000729 000666 1
000711 000657 1
001064 000015 1
001074 000020 1
000738 000668 1
001056 000007 1
000720 000669 1
000745 000691 1
001061 000000 1
001073 000022 1
001059 000001 1
001067 000025 1
000734 000650 1
000715 000645 1
001075 000021 1
000713 000657 1
001076 000029 1
000736 000655 1
000708 000655 1
000728 000659 1
001064 000025 1
000702 000649 1
000725 000642 1
000733 000674 1
000729 000647 1
001066 000003 1
001070 000015 1
000727 000651 1
000719 000656 1
000733 000665 1
000737 000675 1
000736 000664 1
001070 000028 1
000712 000648 1
000744 000683 1
001054 000002 1
000720 000648 1
000709 000641 1
001069 000025 1
001075 000023 1
000736 000656 1
000721 000666 1
001074 000028 1
000724 000671 1
000725 000653 1
000724 000651 1
000738 000679 1
000738 000683 1
001061 000009 1
000695 000643 1
001078 000030 1
000700 000645 1
000702 000650 1
001058 000005 1
001070 000009 1
001068 000013 1
001072 000018 1
000727 000661 1
000737 000650 1
000740 000666 1
000733 000660 1
000742 000657 1
001073 000021 1
001072 000016 1
001059 000006 1
000726 000649 1
001063 000000 1
000739 000661 1
000730 000654 1
001069 000014 1
000719 000648 1
001063 000010 1
000708 000654 1
001053 000000 1
000715 000646 1
000741 000683 1
000722 000643 1
000698 000644 1
001071 000016 1
000732 000676 1
001066 000004 1
000739 000650 1
000720 000662 1
000712 000651 1
000724 000672 1
000741 000654 1
001066 000017 1
000735 000663 1
001063 000013 1
001072 000028 1
000723 000666 1
000737 000674 1
000743 000671 1
001076 000024 1
000743 000656 1
000729 000668 1
000712 000653 1
000725 000649 1
000701 000641 1
001068 000021 1
000713 000642 1
000717 000654 1
000719 000667 1
000731 000652 1
000733 000646 1
000721 000660 1
000713 000648 1
000714 000645 1
000733 000667 1
000724 000657 1
001071 000025 1
000722 000650 1
000740 000652 1
001055 000006 1
000724 000668 1
000712 000652 1
000740 000684 1
000726 000642 1
001055 000001 1
000734 000670 1
000730 000656 1
000738 000655 1
000729 000651 1
000716 000662 1
001072 000013 1
000703 000649 1
000720 000661 1
001067 000005 1
001068 000025 1
000725 000647 1
001077 000031 1
001067 000024 1
000720 000651 1
001058 000001 1
000720 000650 1
000729 000657 1
001063 000019 1
000743 000661 1
000738 000680 1
000743 000689 1
000731 000646 1
000733 000676 1
000704 000652 1
001074 000019 1
000728 000657 1
000731 000660 1
001068 000016 1
000709 000642 1
000733 000677 1
001068 000024 1
000742 000686 1
000727 000642 1
001072 000024 1
000740 000667 1
000741 000677 1
000742 000666 1
000727 000672 1
000737 000656 1
001057 000008 1
000727 000669 1
000705 000642 1
000706 000644 1
000742 000680 1
000726 000673 1
000729 000674 1
000740 000650 1
000744 000676 1
000737 000684 1
001064 000018 1
001059 000007 1
000729 000661 1
001057 000010 1
001061 000014 1
000723 000660 1
000733 000645 1
000730 000643 1
000722 000656 1
001075 000027 1
001071 000010 1
001061 000013 1
000742 000678 1
000737 000686 1
000698 000641 1
000737 000658 1
000716 000661 1
000713 000653 1
000736 000684 1
000714 000663 1
001075 000022 1
001055 000008 1
001071 000017 1
000729 000643 1
001065 000009 1
000726 000654 1
000697 000642 1
000731 000648 1
001070 000013 1
000713 000641 1
000693 000641 1
000739 000679 1
001061 000004 1
000727 000667 1
000730 000668 1
000733 000651 1
000742 000655 1
001057 000002 1
000713 000654 1
000740 000670 1
000706 000652 1
000709 000650 1
000721 000656 1
001070 000021 1
001074 000023 1
001066 000013 1
000736 000678 1
000728 000662 1
000742 000684 1
000728 000655 1
001075 000025 1
000713 000659 1
001057 000006 1
000723 000650 1
000726 000644 1
000742 000681 1
000738 000666 1
000739 000666 1
000716 000649 1
000721 000663 1
000722 000666 1
000734 000683 1
000735 000651 1
000724 000652 1
000737 000679 1
001062 000009 1
001068 000017 1
000724 000643 1
000694 000641 1
000744 000674 1
000741 000686 1
000736 000682 1
000744 000687 1
000718 000665 1
000739 000682 1
000739 000651 1
001079 000030 1
000739 000665 1
000724 000670 1
000732 000665 1
000723 000653 1
000716 000648 1
000719 000660 1
000740 000677 1
000731 000653 1
000722 000644 1
000735 000674 1
000704 000651 1
001064 000011 1
000724 000654 1
000728 000671 1
000708 000647 1
000719 000647 1
000696 000643 1
000743 000690 1
001062 000018 1
000740 000674 1
000725 000665 1
001068 000007 1
000722 000647 1
000720 000654 1
001075 000030 1
000733 000655 1
001071 000014 1
000745 000694 1
001077 000028 1
000718 000658 1
000726 000659 1
000732 000660 1
000745 000693 1
001066 000022 1
000745 000663 1
001062 000014 1
000710 000656 1
001071 000023 1
000714 000658 1
001067 000020 1
001067 000008 1
001057 000001 1
001066 000024 1
001077 000026 1
000732 000663 1
000701 000649 1
000745 000668 1
000709 000644 1
000730 000671 1
000703 000652 1
000742 000673 1
001056 000006 1
001063 000014 1
000716 000654 1
000713 000655 1
000733 000679 1
001075 000029 1
001058 000000 1
000721 000652 1
000738 000648 1
000732 000664 1
001065 000020 1
000744 000688 1
000732 000661 1
000732 000653 1
000710 000657 1
001061 000018 1
001069 000008 1
000745 000692 1
000742 000688 1
000714 000656 1
000703 000647 1
000733 000659 1
000735 000650 1
000741 000673 1
000723 000665 1
000735 000669 1
001063 000011 1
000699 000646 1
000702 000645 1
000741 000685 1
000735 000680 1
000733 000663 1
000739 000652 1
001063 000017 1
000723 000654 1
001059 000012 1
000729 000650 1
000723 000663 1
000737 000659 1
000727 000663 1
000735 000664 1
001074 000016 1
000731 000666 1
000731 000679 1
000725 000663 1
000728 000665 1
000733 000652 1
000708 000641 1
001061 000001 1
001065 000003 1
000731 000665 1
000743 000666 1
001069 000017 1
001070 000019 1
000709 000652 1
000719 000641 1
000737 000651 1
000741 000672 1
000726 000657 1
000744 000657 1
000706 000643 1
000731 000657 1
000737 000682 1
001065 000025 1
000736 000660 1
000739 000674 1
001076 000023 1
000743 000672 1
001068 000009 1
000722 000652 1
001065 000008 1
000734 000661 1
001062 000022 1
001066 000001 1
001071 000013 1
000719 000654 1
000740 000653 1
000732 000662 1
001067 000002 1
001072 000012 1
000730 000675 1
000737 000671 1
000728 000646 1
001066 000020 1
000742 000667 1
000702 000641 1
000739 000658 1
001071 000012 1
000734 000666 1
000723 000645 1
001068 000026 1
001059 000003 1
001067 000018 1
000743 000669 1
000726 000648 1
001056 000002 1
001072 000027 1
000741 000669 1
001067 000017 1
000739 000683 1
001065 000010 1
001073 000015 1
000744 000675 1
001073 000025 1
001063 000018 1
000706 000648 1
000735 000677 1
000745 000685 1
000731 000659 1
001062 000020 1
000723 000644 1
000728 000667 1
000743 000664 1
001064 000003 1
000729 000675 1
000744 000690 1
000717 000641 1
001065 000019 1
000738 000654 1
000723 000672 1
000705 000649 1
000715 000647 1
001075 000026 1
000743 000657 1
000742 000685 1
000730 000661 1
000728 000653 1
000741 000663 1
000719 000649 1
000718 000660 1
000727 000670 1
000723 000651 1
000743 000665 1
000734 000671 1
000725 000650 1
000720 000663 1
000728 000658 1
000730 000650 1
000735 000675 1
001065 000014 1
000739 000649 1
001065 000004 1
000724 000645 1
001073 000016 1
000718 000648 1
000738 000673 1
000735 000665 1
000735 000652 1
001072 000026 1
000721 000645 1
000733 000658 1
000702 000651 1
000719 000655 1
000739 000656 1
000710 000653 1
000719 000658 1
000739 000654 1
000731 000651 1
000726 000656 1
000714 000641 1
000705 000646 1
001056 000004 1
001058 000008 1
000740 000658 1
000734 000673 1
000722 000662 1
000740 000664 1
000745 000689 1
000719 000664 1
000731 000663 1
001060 000002 1
001070 000020 1
000736 000663 1
001069 000013 1
000719 000652 1
000744 000668 1
001068 000002 1
000723 000671 1
000718 000652 1
000707 000655 1
001071 000015 1
000727 000646 1
001062 000019 1
000692 000641 1
000732 000658 1
000720 000666 1
000743 000678 1
000714 000661 1
001071 000026 1
001063 000020 1
001058 000009 1
001067 000015 1
000716 000656 1
000735 000653 1
001060 000000 1
001061 000015 1
000736 000671 1
000726 000645 1
000722 000671 1
000734 000653 1
000712 000657 1
000709 000656 1
000724 000646 1
000710 000651 1
000717 000647 1
000711 000658 1
001076 000021 1
000744 000667 1
000737 000677 1
000705 000654 1
000741 000658 1
001075 000028 1
000707 000656 1
001072 000029 1
000741 000651 1
000708 000643 1
000719 000651 1
000706 000654 1
000739 000675 1
000715 000663 1
000717 000643 1
000729 000653 1
000745 000673 1
000709 000658 1
001076 000025 1
000705 000647 1
000743 000688 1
000736 000674 1
000713 000652 1
000741 000687 1
000716 000643 1
000735 000683 1
001061 000016 1
000716 000663 1
000698 000646 1
000736 000668 1
000739 000680 1
000722 000648 1
000710 000642 1
000716 000645 1
000711 000654 1
001077 000027 1
000742 000656 1
001058 000003 1
000736 000665 1
000699 000644 1
001061 000017 1
000710 000655 1
001071 000024 1
000732 000666 1
000715 000658 1
000721 000655 1
001059 000009 1
001070 000010 1
000721 000651 1
001067 000019 1
000713 000650 1
001068 000006 1
000707 000653 1
001066 000021 1
000741 000674 1
001073 000027 1
001069 000015 1
000721 000646 1
000714 000643 1
000729 000664 1
000718 000654 1
000732 000681 1
000744 000664 1
000732 000672 1
000733 000654 1
000724 000673 1
000727 000655 1
000739 000670 1
000733 000675 1
001064 000009 1
000714 000653 1
001076 000026 1
000742 000654 1
000706 000653 1
000702 000643 1
001062 000012 1
000719 000646 1
000740 000654 1
000711 000656 1
000710 000647 1
001064 000022 1
001070 000027 1
000737 000680 1
000734 000660 1
001067 000013 1
000742 000690 1
000718 000655 1
000715 000641 1
000736 000685 1
000703 000641 1
000721 000669 1
000730 000659 1
000730 000670 1
001057 000012 1
000731 000644 1
001062 000002 1
000725 000674 1
000742 000691 1
000718 000649 1
001060 000008 1
001057 000000 1
000715 000661 1
000720 000668 1
000741 000690 1
001077 000022 1
001062 000000 1
000725 000668 1
000716 000659 1
000712 000646 1
001066 000016 1
000723 000655 1
001064 000016 1
000737 000678 1
000719 000665 1
001062 000006 1
001074 000030 1
001063 000006 1
001071 000021 1
000725 000669 1
000731 000654 1
000739 000663 1
000707 000650 1
000726 000650 1
000736 000677 1
000717 000653 1
001064 000021 1
001060 000013 1
000745 000684 1
000741 000676 1
001071 000011 1
000735 000666 1
001062 000015 1
000723 000648 1
000695 000641 1
001060 000015 1
000734 000658 1
000742 000683 1
000740 000686 1
000732 000648 1
000705 000653 1
000739 000664 1
001079 000028 1
000722 000649 1
000723 000661 1
000735 000657 1
000731 000673 1
000708 000645 1
000728 000670 1
000698 000642 1
000707 000641 1
001067 000016 1
000725 000670 1
000733 000648 1
001065 000023 1
000715 000652 1
001074 000017 1
001057 000009 1
000714 000659 1
000703 000644 1
000715 000649 1
000741 000681 1
001072 000023 1
000736 000648 1
001076 000027 1
000721 000670 1
000718 000666 1
000719 000666 1
000714 000650 1
001067 000006 1
001064 000008 1
000736 000647 1
000707 000647 1
000704 000646 1
000726 000651 1
000739 000681 1
000727 000666 1
001064 000014 1
000706 000655 1
000722 000646 1
000725 000667 1
000730 000667 1
001066 000010 1
000711 000642 1
000724 000653 1
000738 000667 1
000735 000676 1
000733 000671 1
000701 000642 1
000740 000657 1
000729 000645 1
000730 000672 1
000743 000663 1
000725 000662 1
000745 000671 1
000725 000660 1
000743 000660 1
001069 000026 1
001062 000007 1
001062 000016 1
000716 000642 1
001053 000001 1
000718 000645 1
000703 000645 1
000733 000668 1
000719 000661 1
000744 000692 1
000724 000666 1
000709 000646 1
000734 000663 1
000726 000668 1
000737 000666 1
001060 000016 1
001063 000004 1
000716 000653 1
001061 000011 1
000708 000653 1
000733 000682 1
000738 000656 1
000720 000644 1
000718 000662 1
000711 000644 1
000728 000649 1
000726 000653 1
000714 000642 1
001066 000008 1
000729 000673 1
000726 000670 1
000709 000655 1
000729 000665 1
000743 000685 1
000708 000656 1
000721 000664 1
001062 000008 1
000732 000651 1
001053 000004 1
000719 000657 1
001061 000005 1
000723 000646 1
000710 000648 1
001069 000007 1
000717 000666 1
000721 000642 1
000712 000642 1
000744 000663 1
000743 000680 1
000702 000648 1
000705 000644 1
000718 000651 1
000740 000671 1
000744 000671 1
000737 000685 1
000735 000673 1
000732 000674 1
000745 000670 1
000716 000647 1
000699 000645 1
000716 000655 1
000708 000649 1
000737 000653 1
000736 000669 1
000717 000655 1
000730 000665 1
001064 000019 1
001069 000019 1
000708 000648 1
000699 000641 1
000738 000663 1
000715 000653 1
000733 000649 1
001057 000003 1
000744 000691 1
000730 000648 1
000701 000643 1
001067 000010 1
000729 000646 1
001068 000022 1
001061 000002 1
001064 000023 1
000721 000653 1
000735 000660 1
001054 000001 1
000738 000671 1
000744 000673 1
001068 000015 1
001068 000001 1
000741 000688 1
001068 000008 1
000697 000646 1
000694 000643 1
001074 000027 1
000700 000647 1
000734 000682 1
001064 000001 1
000703 000642 1
000712 000649 1
000732 000646 1
001055 000004 1
000736 000683 1
001061 000012 1
000709 000645 1
000733 000678 1
000734 000659 1
001070 000026 1
001069 000006 1
001071 000019 1
000737 000673 1
001055 000002 1
000744 000689 1
000717 000656 1
000734 000675 1
000739 000678 1
001063 000007 1
000733 000666 1
000743 000667 1
000729 000659 1
000739 000660 1
000741 000664 1
001055 000009 1
000734 000647 1
000730 000660 1
001067 000023 1
000743 000692 1
000705 000643 1
000717 000662 1
000716 000641 1
001066 000000 1
000727 000649 1
001071 000020 1
000713 000646 1
000732 000670 1
000712 000655 1
000743 000683 1
000735 000645 1
000720 000647 1
000727 000671 1
000737 000663 1
000705 000652 1
001064 000005 1
000727 000660 1
000740 000672 1
001068 000004 1
001069 000016 1
001065 000026 1
000742 000679 1
000737 000676 1
000736 000654 1
000738 000664 1
000729 000677 1
000741 000684 1
000720 000642 1
001073 000026 1
000736 000661 1
000707 000642 1
000730 000664 1
000744 000669 1
001064 000004 1
000741 000680 1
000740 000682 1
000738 000684 1
000731 000668 1
000730 000676 1
001063 000015 1
000729 000658 1
000736 000652 1
000731 000674 1
000738 000686 1
000710 000658 1
000728 000651 1
000720 000659 1
001077 000029 1
001073 000020 1
000721 000661 1
000723 000659 1
000734 000672 1
000722 000664 1
000704 000641 1
001067 000001 1
000741 000661 1
001054 000005 1
000740 000679 1
001073 000030 1
000731 000675 1
000724 000661 1
001068 000010 1
000727 000662 1
000721 000668 1
000707 000648 1
000706 000649 1
000721 000643 1
001060 000017 1
000729 000672 1
000729 000667 1
001076 000022 1
000713 000660 1
001067 000004 1
000735 000684 1
000714 000651 1
000728 000672 1
000739 000677 1
000743 000662 1
001063 000008 1
001059 000013 1
000744 000665 1
000738 000670 1
001061 000010 1
000729 000663 1
000702 000647 1
001060 000009 1
000700 000649 1
000744 000684 1
000743 000668 1
001061 000007 1
000729 000655 1
000731 000677 1
000745 000679 1
000739 000685 1
000731 000664 1
000703 000651 1
000735 000648 1
000744 000658 1
000738 000650 1
000708 000644 1
000728 000675 1
000720 000652 1
000735 000656 1
000709 000649 1
000739 000653 1
000726 000672 1
000732 000673 1
000744 000682 1
000734 000657 1
000717 000663 1
000726 000660 1
001073 000014 1
000734 000674 1
000724 000655 1
000732 000657 1
000737 000661 1
000718 000641 1
000731 000647 1
001069 000012 1
000716 000665 1
000739 000672 1
000705 000641 1
001061 000008 1
000742 000671 1
000734 000648 1
000729 000656 1
000740 000681 1
000731 000667 1
000710 000654 1
000737 000652 1
000718 000667 1
001072 000015 1
000722 000665 1
000716 000664 1
000739 000659 1
000740 000665 1
000745 000681 1
001075 000024 1
000707 000646 1
000728 000669 1
001060 000010 1
001060 000014 1
000723 000647 1
000729 000669 1
000731 000671 1
000728 000643 1
000707 000654 1
001068 000014 1
001054 000006 1
000743 000673 1
000731 000662 1
000739 000669 1
000722 000651 1
000700 000643 1
000733 000673 1
000725 000645 1
000742 000658 1
000730 000679 1
000699 000642 1
001066 000018 1
000744 000681 1
001059 000005 1
000733 000664 1
000742 000675 1
000710 000644 1
000728 000652 1
001065 000000 1
000740 000655 1
001074 000024 1
000742 000653 1
000737 000672 1
000742 000661 1
001063 000016 1
000711 000653 1
001064 000010 1
001072 000030 1
000728 000666 1
000737 000670 1
000720 000641 1
000724 000669 1
000737 000648 1
000745 000665 1